NAME : E-n13-k4-24
COMMENT : (Gonzalez-Perboli-Tadei-Vigo. 2 satellites. Optimal solution: 242)
TYPE : 2ECVRP
DIMENSION : 15
SATELLITES : 2
CUSTOMERS : 12
EDGE_WEIGHT_TYPE : EUC_2D
FLEET_SECTION
L1CAPACITY : 15000
L2CAPACITY : 6000
L1FLEET: 3
L2FLEET: 4
EDGE_WEIGHT_SECTION
9999 	21	25	9	14	21	23	22	25	32	36	38	42	50	52
21	9999	30	12	7	0	10	21	30	27	37	43	31	37	39
25	30	9999	24	23	30	28	9	0	7	11	13	17	25	27
9	12	24	9999	5	12	22	21	24	31	35	37	41	49	51
14	7	23	5	9999	7	17	16	23	26	30	36	36	44	46
21	0	30	12	7	9999	10	21	30	27	37	43	31	37	39
23	10	28	22	17	10	9999	19	28	25	35	41	29	31	29
22	21	9	21	16	21	19	9999	9	10	16	22	20	28	30
25	30	0	24	23	30	28	9	9999	7	11	13	17	25	27
32	27	7	31	26	27	25	10	7	9999	10	16	10	18	20
36	37	11	35	30	37	35	16	11	10	9999	6	6	14	16
38	43	13	37	36	43	41	22	13	16	6	9999	12	12	20
42	31	17	41	36	31	29	20	17	10	6	12	9999	8	10
50	37	25	49	44	37	31	28	25	18	14	12	8	9999	10
52	39	27	51	46	39	29	30	27	20	16	20	10	10	9999

MAND_SECTION
0 0
1 0
2 0
3 1200 
4 1700 
5 1500 
6 1400 
7 1700 
8 1400  
9 1200 
10 1900 
11 1800 
12 1600
13 1700 
14 1100

DEPOT_SECTION
0
-1
EOF