NAME : E-n13-k4-42
COMMENT : (Gonzalez-Perboli-Tadei-Vigo. 2 satellites. Optimal solution: 262)
TYPE : 2ECVRP
DIMENSION : 15
SATELLITES : 2
CUSTOMERS : 12
EDGE_WEIGHT_TYPE : EUC_2D
FLEET_SECTION
L1CAPACITY : 15000
L2CAPACITY : 6000
L1FLEET: 3
L2FLEET: 4
EDGE_WEIGHT_SECTION
9999 	22	38	9	14	21	23	22	25	32	36	38	42	50	52
22	9999	22	21	16	21	19	0	9	10	16	22	20	28	30
38	22	9999	37	36	43	41	22	13	16	6	0	12	12	20
9	21	37	9999	5	12	22	21	24	31	35	37	41	49	51
14	16	36	5	9999	7	17	16	23	26	30	36	36	44	46
21	21	43	12	7	9999	10	21	30	27	37	43	31	37	39
23	19	41	22	17	10	9999	19	28	25	35	41	29	31	29
22	0	22	21	16	21	19	9999	9	10	16	22	20	28	30
25	9	13	24	23	30	28	9	9999	7	11	13	17	25	27
32	10	16	31	26	27	25	10	7	9999	10	16	10	18	20
36	16	6	35	30	37	35	16	11	10	9999	6	6	14	16
38	22	0	37	36	43	41	22	13	16	6	9999	12	12	20
42	20	12	41	36	31	29	20	17	10	6	12	9999	8	10
50	28	12	49	44	37	31	28	25	18	14	12	8	9999	10
52	30	20	51	46	39	29	30	27	20	16	20	10	10	9999

MAND_SECTION
0 0
1 0
2 0
3 1200 
4 1700 
5 1500 
6 1400 
7 1700 
8 1400  
9 1200 
10 1900 
11 1800 
12 1600
13 1700 
14 1100

DEPOT_SECTION
0
-1
EOF